RNN_hidden_size = 256, embedding_size = 200, rnn_layers = 1, alpha = 0.15
Pfad: resources/tagger/hidden256_embsize200_layers1_alpha0.15_run2
tensor(2.2257, device='cuda:0')

Results:
- F-score (micro): 0.5148
- F-score (macro): 0.1304
- Accuracy (incl. no class): 0.5148

By class:
              precision    recall  f1-score   support

           O     0.7395    0.6574    0.6960     13934
      B-ARG1     0.3176    0.3087    0.3131       959
      B-ARG0     0.3191    0.3666    0.3412       551
         B-V     1.0000    0.0000    0.0000      1061
      B-ARG2     0.2627    0.3486    0.2997       370
      I-ARG2     0.2312    0.4970    0.3156      1332
      I-ARG1     0.2253    0.3875    0.2850      1804
  I-ARGM-MNR     0.1212    0.1111    0.1159        72
  I-ARGM-TMP     0.2988    0.2717    0.2846       265
      B-ARG4     0.1935    0.2308    0.2105        26
      I-ARG4     0.1467    0.2075    0.1719        53
      I-ARG3     0.1098    0.1875    0.1385        48
  B-ARGM-ADJ     0.3721    0.2689    0.3122       119
  B-ARGM-TMP     0.4200    0.4058    0.4128       207
  B-ARGM-LOC     0.2034    0.2500    0.2243        96
  I-ARGM-LOC     0.1735    0.2275    0.1969       167
  B-ARGM-ADV     0.2000    0.1517    0.1725       145
  I-ARGM-ADV     0.1716    0.0962    0.1233       239
      B-ARG3     0.2593    0.2188    0.2373        32
      I-ARG0     0.2300    0.1978    0.2127       364
  B-ARGM-MOD     0.4476    0.4384    0.4429       146
  B-ARGM-PRP     0.2000    0.1667    0.1818        18
  I-ARGM-PRP     0.0250    0.0270    0.0260        37
  B-ARGM-PRR     1.0000    0.0000    0.0000        36
  I-ARGM-PRR     0.0000    0.0000    0.0000        96
    B-R-ARG1     0.2667    0.1818    0.2162        22
  I-ARGM-ADJ     0.0667    0.0135    0.0225        74
    B-R-ARG0     0.1111    0.0556    0.0741        18
  B-ARGM-NEG     0.4096    0.4789    0.4416        71
  B-ARGM-DIS     0.3735    0.5345    0.4397        58
  B-ARGM-COM     0.0000    0.0000    0.0000         3
    B-C-ARG1     0.1429    0.0769    0.1000        13
    I-C-ARG1     0.0000    0.0000    0.0000         6
  B-ARGM-GOL     0.0000    0.0000    0.0000        11
  I-ARGM-GOL     0.0000    0.0000    0.0000        22
  B-ARGM-EXT     0.3871    0.3000    0.3380        40
  B-ARGM-MNR     0.1818    0.1538    0.1667        65
  B-ARGM-DIR     0.0455    0.0625    0.0526        16
  I-ARGM-DIR     0.0000    0.0000    0.0000        31
  I-ARGM-EXT     0.1111    0.0769    0.0909        13
B-R-ARGM-MNR     1.0000    0.0000    0.0000         5
I-R-ARGM-MNR     1.0000    0.0000    0.0000         5
  I-ARGM-CAU     0.0000    0.0000    0.0000        19
  B-ARGM-PRD     0.0000    0.0000    0.0000        15
  B-ARGM-LVB     0.0000    0.0000    0.0000         1
  I-ARGM-LVB     0.0000    0.0000    0.0000         2
  B-ARGM-CAU     0.2222    0.2857    0.2500         7
B-R-ARGM-LOC     1.0000    0.2500    0.4000         4
  I-ARGM-PRD     0.0000    0.0000    0.0000        15
    I-R-ARG0     1.0000    0.0000    0.0000         2
  I-ARGM-DIS     0.0000    0.0000    0.0000         4
  I-ARGM-COM     0.0000    0.0000    0.0000         7
       B-C-V     0.3333    0.1250    0.1818         8
    B-C-ARG2     0.5000    0.1667    0.2500         6
      B-ARG5     1.0000    0.0000    0.0000         1
B-R-ARGM-DIR     1.0000    0.0000    0.0000         1
I-R-ARGM-DIR     1.0000    0.0000    0.0000         1
I-C-ARGM-CXN     0.0000    1.0000    0.0000         0
  B-ARGM-CXN     1.0000    0.0000    0.0000         4
  I-ARGM-CXN     1.0000    0.0000    0.0000        10
       I-C-V     1.0000    0.0000    0.0000        10
      B-ARGA     1.0000    0.0000    0.0000         2
B-C-ARGM-LOC     0.0000    1.0000    0.0000         0
B-R-ARGM-TMP     1.0000    0.0000    0.0000         1
    I-C-ARG2     0.0000    0.0000    0.0000         3
    B-C-ARG3     1.0000    0.0000    0.0000         1
    B-C-ARG0     1.0000    0.0000    0.0000         1

    accuracy                         0.5148     22775
   macro avg     0.3704    0.1610    0.1304     22775
weighted avg     0.5867    0.5148    0.5190     22775

END=====
