RNN_hidden_size = 256, embedding_size = 200, rnn_layers = 1, alpha = 0.2
Pfad: resources/tagger/hidden256_embsize200_layers1_alpha0.2_run1
tensor(2.1751, device='cuda:0')

Results:
- F-score (micro): 0.5333
- F-score (macro): 0.1543
- Accuracy (incl. no class): 0.5333

By class:
              precision    recall  f1-score   support

           O     0.7404    0.6866    0.7125     13934
      B-ARG1     0.3284    0.3253    0.3269       959
      B-ARG0     0.3448    0.4011    0.3708       551
         B-V     1.0000    0.0000    0.0000      1061
      B-ARG2     0.2398    0.3162    0.2727       370
      I-ARG2     0.2230    0.4760    0.3037      1332
      I-ARG1     0.2490    0.3986    0.3065      1804
  B-ARGM-LOC     0.2947    0.2917    0.2932        96
  I-ARGM-LOC     0.2009    0.2575    0.2257       167
      B-ARG4     0.4000    0.3077    0.3478        26
      I-ARG4     0.2083    0.0943    0.1299        53
  B-ARGM-TMP     0.4239    0.3768    0.3990       207
  I-ARGM-TMP     0.3662    0.2943    0.3264       265
  I-ARGM-PRP     0.2083    0.1351    0.1639        37
  B-ARGM-ADV     0.2342    0.1793    0.2031       145
  I-ARGM-ADV     0.1417    0.0711    0.0947       239
      B-ARG3     0.3077    0.2500    0.2759        32
      I-ARG3     0.1778    0.1667    0.1720        48
  B-ARGM-MOD     0.4275    0.4041    0.4155       146
  B-ARGM-DIS     0.3611    0.4483    0.4000        58
      I-ARG0     0.2469    0.1621    0.1957       364
  B-ARGM-PRR     0.0000    0.0000    0.0000        36
  I-ARGM-PRR     0.0000    0.0000    0.0000        96
  B-ARGM-ADJ     0.4306    0.2605    0.3246       119
    B-R-ARG1     0.5714    0.3636    0.4444        22
  B-ARGM-MNR     0.2167    0.2000    0.2080        65
  I-ARGM-DIR     0.0526    0.0323    0.0400        31
    B-R-ARG0     0.1818    0.1111    0.1379        18
  B-ARGM-NEG     0.4186    0.5070    0.4586        71
  B-ARGM-DIR     0.1667    0.1875    0.1765        16
    B-C-ARG1     0.2000    0.0769    0.1111        13
    I-C-ARG1     0.0000    0.0000    0.0000         6
  I-ARGM-MNR     0.0769    0.0833    0.0800        72
  B-ARGM-PRP     0.3333    0.2778    0.3030        18
  I-ARGM-GOL     0.0000    0.0000    0.0000        22
  B-ARGM-GOL     0.3333    0.1818    0.2353        11
  I-ARGM-COM     0.0476    0.1429    0.0714         7
  B-ARGM-EXT     0.4615    0.3000    0.3636        40
  B-ARGM-COM     0.1000    0.3333    0.1538         3
  I-ARGM-LVB     0.0000    0.0000    0.0000         2
  I-ARGM-EXT     0.1667    0.0769    0.1053        13
B-R-ARGM-MNR     1.0000    0.0000    0.0000         5
I-R-ARGM-MNR     1.0000    0.0000    0.0000         5
  B-ARGM-LVB     1.0000    0.0000    0.0000         1
  I-ARGM-DIS     0.2000    0.2500    0.2222         4
  I-ARGM-CAU     0.0000    0.0000    0.0000        19
  B-ARGM-CAU     0.2000    0.1429    0.1667         7
B-R-ARGM-LOC     0.0000    0.0000    0.0000         4
  B-ARGM-PRD     0.0000    0.0000    0.0000        15
  I-ARGM-PRD     0.0000    0.0000    0.0000        15
    I-R-ARG0     1.0000    0.0000    0.0000         2
       B-C-V     0.3333    0.1250    0.1818         8
  I-ARGM-ADJ     0.0588    0.0135    0.0220        74
      B-ARG5     1.0000    0.0000    0.0000         1
B-R-ARGM-DIR     1.0000    0.0000    0.0000         1
I-R-ARGM-DIR     1.0000    0.0000    0.0000         1
    B-C-ARG2     1.0000    0.1667    0.2857         6
  B-ARGM-CXN     1.0000    0.0000    0.0000         4
  I-ARGM-CXN     1.0000    0.0000    0.0000        10
       I-C-V     1.0000    0.0000    0.0000        10
      B-ARGA     1.0000    0.0000    0.0000         2
B-R-ARGM-TMP     1.0000    0.0000    0.0000         1
    I-C-ARG2     0.0000    0.0000    0.0000         3
    B-C-ARG3     1.0000    0.0000    0.0000         1
    B-C-ARG0     1.0000    0.0000    0.0000         1

    accuracy                         0.5333     22775
   macro avg     0.4104    0.1519    0.1543     22775
weighted avg     0.5913    0.5333    0.5324     22775

END=====
