RNN_hidden_size = 256, embedding_size = 100, rnn_layers = 2, alpha = 0.1
Pfad: resources/tagger/hidden256_embsize100_layers2_alpha0.1_run2
tensor(3.1652, device='cuda:0')

Results:
- F-score (micro): 0.4667
- F-score (macro): 0.1178
- Accuracy (incl. no class): 0.4667

By class:
              precision    recall  f1-score   support

           O     0.7399    0.5705    0.6443     13934
      B-ARG1     0.3025    0.3107    0.3066       959
      B-ARG0     0.2945    0.3575    0.3230       551
         B-V     1.0000    0.0000    0.0000      1061
      B-ARG2     0.2436    0.3351    0.2821       370
      I-ARG1     0.2165    0.4329    0.2887      1804
      I-ARG2     0.2003    0.5353    0.2915      1332
      B-ARG4     0.2188    0.2692    0.2414        26
      I-ARG4     0.0610    0.0943    0.0741        53
  B-ARGM-TMP     0.3454    0.3237    0.3342       207
  I-ARGM-TMP     0.2914    0.3057    0.2983       265
  B-ARGM-LOC     0.1846    0.2500    0.2124        96
  I-ARGM-LOC     0.1852    0.2994    0.2288       167
  I-ARGM-MNR     0.0984    0.0833    0.0902        72
  I-ARGM-CAU     0.0000    0.0000    0.0000        19
  B-ARGM-ADV     0.1667    0.1517    0.1588       145
  I-ARGM-ADV     0.1019    0.0669    0.0808       239
      B-ARG3     0.2286    0.2500    0.2388        32
      I-ARG3     0.0875    0.1458    0.1094        48
  B-ARGM-MOD     0.3935    0.4178    0.4053       146
      I-ARG0     0.2274    0.2143    0.2207       364
  I-ARGM-PRP     0.0649    0.1351    0.0877        37
  B-ARGM-PRR     0.0000    0.0000    0.0000        36
  I-ARGM-PRR     0.0000    0.0000    0.0000        96
    B-R-ARG1     0.2500    0.0455    0.0769        22
  B-ARGM-PRD     0.0000    0.0000    0.0000        15
  I-ARGM-PRD     0.0000    0.0000    0.0000        15
  B-ARGM-NEG     0.3846    0.4930    0.4321        71
    B-R-ARG0     0.1429    0.0556    0.0800        18
  B-ARGM-DIS     0.3000    0.5172    0.3797        58
  I-ARGM-ADJ     0.0938    0.0405    0.0566        74
    B-C-ARG1     0.0667    0.0769    0.0714        13
    I-C-ARG1     0.0000    0.0000    0.0000         6
  B-ARGM-PRP     0.1290    0.2222    0.1633        18
  B-ARGM-GOL     0.0000    0.0000    0.0000        11
  I-ARGM-GOL     0.0000    0.0000    0.0000        22
  B-ARGM-MNR     0.1277    0.0923    0.1071        65
  B-ARGM-ADJ     0.3867    0.2437    0.2990       119
  B-ARGM-EXT     0.3929    0.2750    0.3235        40
  I-ARGM-EXT     0.4444    0.3077    0.3636        13
  I-ARGM-COM     0.0000    0.0000    0.0000         7
B-R-ARGM-MNR     1.0000    0.0000    0.0000         5
I-R-ARGM-MNR     1.0000    0.0000    0.0000         5
  B-ARGM-LVB     0.0000    0.0000    0.0000         1
  I-ARGM-LVB     0.0000    0.0000    0.0000         2
  B-ARGM-DIR     0.1818    0.1250    0.1481        16
  B-ARGM-CAU     0.0714    0.1429    0.0952         7
B-R-ARGM-LOC     0.0000    0.0000    0.0000         4
    I-R-ARG0     1.0000    0.0000    0.0000         2
  B-ARGM-COM     0.0000    0.0000    0.0000         3
  I-ARGM-DIR     0.0000    0.0000    0.0000        31
       B-C-V     0.1429    0.1250    0.1333         8
  I-ARGM-DIS     0.0833    0.2500    0.1250         4
      B-ARG5     1.0000    0.0000    0.0000         1
I-C-ARGM-CXN     0.0000    1.0000    0.0000         0
B-R-ARGM-DIR     1.0000    0.0000    0.0000         1
I-R-ARGM-DIR     1.0000    0.0000    0.0000         1
    B-C-ARG2     0.0000    0.0000    0.0000         6
  B-ARGM-CXN     1.0000    0.0000    0.0000         4
  I-ARGM-CXN     1.0000    0.0000    0.0000        10
       I-C-V     1.0000    0.0000    0.0000        10
      B-ARGA     1.0000    0.0000    0.0000         2
B-R-ARGM-TMP     1.0000    0.0000    0.0000         1
    I-C-ARG2     1.0000    0.0000    0.0000         3
    B-C-ARG3     1.0000    0.0000    0.0000         1
    B-C-ARG0     1.0000    0.0000    0.0000         1

    accuracy                         0.4667     22775
   macro avg     0.3462    0.1449    0.1178     22775
weighted avg     0.5786    0.4667    0.4836     22775

END=====
