RNN_hidden_size = 256, embedding_size = 200, rnn_layers = 1, alpha = 0.15
Pfad: resources/tagger/hidden256_embsize200_layers1_alpha0.15_run1
tensor(2.1684, device='cuda:0')

Results:
- F-score (micro): 0.5309
- F-score (macro): 0.1432
- Accuracy (incl. no class): 0.5309

By class:
              precision    recall  f1-score   support

           O     0.7400    0.6806    0.7090     13934
      B-ARG1     0.3288    0.3295    0.3292       959
      B-ARG0     0.3234    0.3739    0.3468       551
         B-V     1.0000    0.0000    0.0000      1061
      B-ARG2     0.2713    0.3351    0.2999       370
      I-ARG2     0.2411    0.4872    0.3226      1332
      I-ARG1     0.2394    0.3958    0.2984      1804
  B-ARGM-MNR     0.1765    0.0923    0.1212        65
      B-ARG4     0.3478    0.3077    0.3265        26
      I-ARG4     0.1395    0.1132    0.1250        53
  B-ARGM-TMP     0.4420    0.3865    0.4124       207
  I-ARGM-TMP     0.3773    0.3132    0.3423       265
  B-ARGM-LOC     0.2544    0.3021    0.2762        96
  I-ARGM-LOC     0.1814    0.2575    0.2129       167
  B-ARGM-ADV     0.1748    0.1241    0.1452       145
  B-ARGM-GOL     0.0833    0.0909    0.0870        11
  I-ARGM-PRP     0.1154    0.1622    0.1348        37
  I-ARGM-ADV     0.2000    0.0962    0.1299       239
      B-ARG3     0.2667    0.2500    0.2581        32
      I-ARG3     0.2045    0.1875    0.1957        48
  B-ARGM-MOD     0.4122    0.4178    0.4150       146
      I-ARG0     0.2475    0.2033    0.2232       364
  B-ARGM-PRR     0.0000    0.0000    0.0000        36
  I-ARGM-PRR     0.0000    0.0000    0.0000        96
  B-ARGM-ADJ     0.4086    0.3193    0.3585       119
  I-ARGM-CAU     0.0000    0.0000    0.0000        19
    B-R-ARG1     0.7143    0.2273    0.3448        22
  B-ARGM-PRP     0.1429    0.1667    0.1538        18
  B-ARGM-PRD     0.0000    0.0000    0.0000        15
  I-ARGM-PRD     0.0000    0.0000    0.0000        15
    B-R-ARG0     0.1000    0.0556    0.0714        18
  B-ARGM-NEG     0.4557    0.5070    0.4800        71
  B-ARGM-DIS     0.3086    0.4310    0.3597        58
    B-C-ARG1     0.2000    0.0769    0.1111        13
    I-C-ARG1     0.0000    0.0000    0.0000         6
  I-ARGM-GOL     0.0000    0.0000    0.0000        22
  I-ARGM-MNR     0.1562    0.1389    0.1471        72
  B-ARGM-EXT     0.3871    0.3000    0.3380        40
  I-ARGM-EXT     0.2500    0.1538    0.1905        13
B-R-ARGM-MNR     1.0000    0.0000    0.0000         5
I-R-ARGM-MNR     1.0000    0.0000    0.0000         5
  I-ARGM-ADJ     0.1818    0.0541    0.0833        74
  B-ARGM-LVB     1.0000    0.0000    0.0000         1
  I-ARGM-LVB     0.0000    0.0000    0.0000         2
  B-ARGM-DIR     0.1111    0.1250    0.1176        16
  B-ARGM-CAU     0.3333    0.4286    0.3750         7
B-R-ARGM-LOC     0.0000    0.0000    0.0000         4
  I-ARGM-DIR     0.0000    0.0000    0.0000        31
    I-R-ARG0     1.0000    0.0000    0.0000         2
    B-C-ARG0     0.0000    0.0000    0.0000         1
  I-ARGM-DIS     0.1000    0.2500    0.1429         4
  I-ARGM-COM     0.0000    0.0000    0.0000         7
  B-ARGM-COM     0.0000    0.0000    0.0000         3
       B-C-V     0.3333    0.1250    0.1818         8
  B-ARGM-CXN     0.0000    0.0000    0.0000         4
      B-ARG5     1.0000    0.0000    0.0000         1
B-R-ARGM-DIR     1.0000    0.0000    0.0000         1
I-R-ARGM-DIR     1.0000    0.0000    0.0000         1
    B-C-ARG2     1.0000    0.1667    0.2857         6
  I-ARGM-CXN     1.0000    0.0000    0.0000        10
       I-C-V     1.0000    0.0000    0.0000        10
      B-ARGA     1.0000    0.0000    0.0000         2
    B-R-ARG2     0.0000    1.0000    0.0000         0
B-R-ARGM-TMP     1.0000    0.0000    0.0000         1
    I-C-ARG2     1.0000    0.0000    0.0000         3
    B-C-ARG3     1.0000    0.0000    0.0000         1

    accuracy                         0.5309     22775
   macro avg     0.3780    0.1581    0.1432     22775
weighted avg     0.5911    0.5309    0.5311     22775

END=====
