RNN_hidden_size = 128, embedding_size = 200, rnn_layers = 2, alpha = 0.1
Pfad: resources/tagger/hidden128_embsize200_layers2_alpha0.1_run1
tensor(2.9545, device='cuda:0')

Results:
- F-score (micro): 0.5038
- F-score (macro): 0.1323
- Accuracy (incl. no class): 0.5038

By class:
              precision    recall  f1-score   support

           O     0.7520    0.6264    0.6835     13934
      B-ARG1     0.3072    0.3180    0.3125       959
         B-V     1.0000    0.0000    0.0000      1061
      I-ARG1     0.2319    0.4196    0.2987      1804
      B-ARG2     0.2525    0.3351    0.2880       370
      I-ARG2     0.2328    0.5518    0.3275      1332
      B-ARG0     0.3223    0.3884    0.3523       551
      B-ARG4     0.2333    0.2692    0.2500        26
      I-ARG4     0.0820    0.0943    0.0877        53
  B-ARGM-TMP     0.4188    0.3865    0.4020       207
  I-ARGM-TMP     0.4163    0.3660    0.3896       265
  B-ARGM-LOC     0.2143    0.2812    0.2432        96
  I-ARGM-LOC     0.1488    0.2575    0.1886       167
  B-ARGM-GOL     0.0000    0.0000    0.0000        11
  I-ARGM-GOL     0.0000    0.0000    0.0000        22
  B-ARGM-ADV     0.2500    0.2138    0.2305       145
  I-ARGM-ADV     0.0993    0.0628    0.0769       239
      B-ARG3     0.2963    0.2500    0.2712        32
      I-ARG3     0.1667    0.1667    0.1667        48
    B-R-ARG0     0.0909    0.0556    0.0690        18
  B-ARGM-MOD     0.4286    0.4110    0.4196       146
      I-ARG0     0.2310    0.2253    0.2281       364
  B-ARGM-DIR     0.0909    0.1250    0.1053        16
  B-ARGM-PRR     0.0000    0.0000    0.0000        36
  I-ARGM-PRR     0.0000    0.0000    0.0000        96
    B-R-ARG1     0.3000    0.1364    0.1875        22
  B-ARGM-LVB     0.0000    0.0000    0.0000         1
  B-ARGM-NEG     0.4268    0.4930    0.4575        71
  B-ARGM-DIS     0.3298    0.5345    0.4079        58
    B-C-ARG1     0.0625    0.0769    0.0690        13
    I-C-ARG1     0.0000    0.0000    0.0000         6
  B-ARGM-PRP     0.0526    0.0556    0.0541        18
  B-ARGM-CAU     0.1000    0.1429    0.1176         7
  I-ARGM-PRP     0.0600    0.0811    0.0690        37
  B-ARGM-MNR     0.1837    0.1385    0.1579        65
  I-ARGM-MNR     0.1143    0.1111    0.1127        72
  I-ARGM-CAU     0.0000    0.0000    0.0000        19
  B-ARGM-ADJ     0.4103    0.2689    0.3249       119
  B-ARGM-EXT     0.3929    0.2750    0.3235        40
  I-ARGM-EXT     0.6667    0.3077    0.4211        13
  B-ARGM-COM     0.0833    0.3333    0.1333         3
B-R-ARGM-MNR     1.0000    0.0000    0.0000         5
I-R-ARGM-MNR     1.0000    0.0000    0.0000         5
  B-ARGM-PRD     0.0000    0.0000    0.0000        15
  I-ARGM-PRD     0.0000    0.0000    0.0000        15
  I-ARGM-DIR     0.0000    0.0000    0.0000        31
  I-ARGM-LVB     0.0000    0.0000    0.0000         2
B-R-ARGM-LOC     1.0000    0.0000    0.0000         4
  I-ARGM-DIS     0.1429    0.2500    0.1818         4
    I-R-ARG0     1.0000    0.0000    0.0000         2
  I-ARGM-ADJ     0.0811    0.0405    0.0541        74
       B-C-V     0.2000    0.1250    0.1538         8
  I-ARGM-COM     0.0000    0.0000    0.0000         7
      B-ARG5     1.0000    0.0000    0.0000         1
B-R-ARGM-DIR     1.0000    0.0000    0.0000         1
I-R-ARGM-DIR     1.0000    0.0000    0.0000         1
    B-C-ARG2     0.5000    0.1667    0.2500         6
    B-R-ARG2     0.0000    1.0000    0.0000         0
  B-ARGM-CXN     1.0000    0.0000    0.0000         4
  I-ARGM-CXN     1.0000    0.0000    0.0000        10
       I-C-V     1.0000    0.0000    0.0000        10
      B-ARGA     1.0000    0.0000    0.0000         2
I-C-ARGM-CXN     0.0000    1.0000    0.0000         0
B-R-ARGM-TMP     1.0000    0.0000    0.0000         1
    I-C-ARG2     0.0000    0.0000    0.0000         3
    B-C-ARG3     1.0000    0.0000    0.0000         1
    B-C-ARG0     1.0000    0.0000    0.0000         1

    accuracy                         0.5038     22775
   macro avg     0.3638    0.1693    0.1323     22775
weighted avg     0.5940    0.5038    0.5144     22775

END=====
