RNN_hidden_size = 256, embedding_size = 200, rnn_layers = 1, alpha = 0.1
Pfad: resources/tagger/hidden256_embsize200_layers1_alpha0.1_run2
tensor(2.1779, device='cuda:0')

Results:
- F-score (micro): 0.5253
- F-score (macro): 0.1325
- Accuracy (incl. no class): 0.5253

By class:
              precision    recall  f1-score   support

           O     0.7434    0.6679    0.7037     13934
      B-ARG1     0.3299    0.3347    0.3323       959
      B-ARG0     0.3493    0.3829    0.3654       551
         B-V     1.0000    0.0000    0.0000      1061
      B-ARG2     0.2463    0.3162    0.2769       370
  B-ARGM-TMP     0.3938    0.3671    0.3800       207
      I-ARG2     0.2349    0.5075    0.3211      1332
      I-ARG1     0.2601    0.4412    0.3273      1804
      B-ARG4     0.4211    0.3077    0.3556        26
      I-ARG4     0.0820    0.0943    0.0877        53
  I-ARGM-TMP     0.2857    0.2415    0.2618       265
  B-ARGM-LOC     0.2101    0.2604    0.2326        96
  I-ARGM-LOC     0.1512    0.2335    0.1835       167
  B-ARGM-ADJ     0.3765    0.2689    0.3137       119
      I-ARG0     0.2536    0.1923    0.2188       364
  B-ARGM-ADV     0.1942    0.1379    0.1613       145
  I-ARGM-ADV     0.1161    0.0544    0.0741       239
      B-ARG3     0.3448    0.3125    0.3279        32
      I-ARG3     0.0959    0.1458    0.1157        48
  B-ARGM-MOD     0.4242    0.3836    0.4029       146
  B-ARGM-MNR     0.1887    0.1538    0.1695        65
  I-ARGM-MNR     0.0580    0.0556    0.0567        72
  B-ARGM-PRR     0.0000    0.0000    0.0000        36
  I-ARGM-PRR     0.1429    0.0104    0.0194        96
    B-R-ARG1     0.3333    0.2273    0.2703        22
  B-ARGM-PRD     0.0000    0.0000    0.0000        15
  I-ARGM-PRD     0.0000    0.0000    0.0000        15
    B-R-ARG0     0.1000    0.0556    0.0714        18
  B-ARGM-NEG     0.4583    0.4648    0.4615        71
  B-ARGM-DIS     0.3291    0.4483    0.3796        58
    B-C-ARG1     0.2500    0.0769    0.1176        13
    I-C-ARG1     0.0000    0.0000    0.0000         6
  B-ARGM-PRP     0.1765    0.1667    0.1714        18
  I-ARGM-PRP     0.0682    0.0811    0.0741        37
  B-ARGM-GOL     0.0000    0.0000    0.0000        11
  B-ARGM-CAU     0.1818    0.2857    0.2222         7
  I-ARGM-GOL     0.0588    0.0455    0.0513        22
  I-ARGM-ADJ     0.0417    0.0135    0.0204        74
  I-ARGM-COM     0.0000    0.0000    0.0000         7
  I-ARGM-DIS     0.0000    0.0000    0.0000         4
  B-ARGM-EXT     0.5652    0.3250    0.4127        40
  I-ARGM-EXT     0.4000    0.3077    0.3478        13
B-R-ARGM-MNR     1.0000    0.0000    0.0000         5
I-R-ARGM-MNR     1.0000    0.0000    0.0000         5
  B-ARGM-LVB     1.0000    0.0000    0.0000         1
  I-ARGM-LVB     0.0000    0.0000    0.0000         2
    B-R-ARG2     0.0000    1.0000    0.0000         0
B-R-ARGM-LOC     0.0000    0.0000    0.0000         4
  B-ARGM-DIR     0.0769    0.0625    0.0690        16
  I-ARGM-DIR     0.0000    0.0000    0.0000        31
    I-R-ARG0     1.0000    0.0000    0.0000         2
  I-ARGM-CAU     0.0000    0.0000    0.0000        19
  B-ARGM-COM     0.0000    0.0000    0.0000         3
       B-C-V     0.2500    0.1250    0.1667         8
      B-ARG5     1.0000    0.0000    0.0000         1
B-R-ARGM-DIR     1.0000    0.0000    0.0000         1
I-R-ARGM-DIR     1.0000    0.0000    0.0000         1
    B-C-ARG2     0.3333    0.1667    0.2222         6
  B-ARGM-CXN     1.0000    0.0000    0.0000         4
  I-ARGM-CXN     1.0000    0.0000    0.0000        10
       I-C-V     1.0000    0.0000    0.0000        10
      B-ARGA     1.0000    0.0000    0.0000         2
B-R-ARGM-TMP     1.0000    0.0000    0.0000         1
    I-C-ARG2     0.0000    0.0000    0.0000         3
    B-C-ARG3     1.0000    0.0000    0.0000         1
    B-C-ARG0     1.0000    0.0000    0.0000         1

    accuracy                         0.5253     22775
   macro avg     0.3716    0.1473    0.1325     22775
weighted avg     0.5916    0.5253    0.5273     22775

END=====
