RNN_hidden_size = 256, embedding_size = 200, rnn_layers = 3, alpha = 0.1
Pfad: resources/tagger/hidden256_embsize200_layers3_alpha0.1_run2
tensor(3.3814, device='cuda:0')

Results:
- F-score (micro): 0.4797
- F-score (macro): 0.1401
- Accuracy (incl. no class): 0.4797

By class:
              precision    recall  f1-score   support

           O     0.7327    0.5801    0.6475     13934
      B-ARG1     0.3042    0.3264    0.3149       959
      B-ARG0     0.3147    0.3775    0.3432       551
         B-V     1.0000    0.0000    0.0000      1061
      B-ARG2     0.2495    0.3649    0.2964       370
      I-ARG2     0.2170    0.5435    0.3102      1332
      I-ARG1     0.2228    0.4523    0.2986      1804
  I-ARGM-TMP     0.4167    0.3962    0.4062       265
      B-ARG4     0.2647    0.3462    0.3000        26
      I-ARG4     0.1587    0.1887    0.1724        53
  B-ARGM-TMP     0.4078    0.4058    0.4068       207
  B-ARGM-LOC     0.2772    0.2917    0.2843        96
  I-ARGM-LOC     0.2019    0.2575    0.2263       167
      B-ARG3     0.2400    0.1875    0.2105        32
      I-ARG3     0.0755    0.0833    0.0792        48
  B-ARGM-ADV     0.2252    0.2345    0.2297       145
  I-ARGM-ADV     0.1322    0.1255    0.1288       239
  I-ARGM-DIS     0.2500    0.5000    0.3333         4
  B-ARGM-DIR     0.2000    0.1250    0.1538        16
  B-ARGM-MOD     0.3767    0.3767    0.3767       146
      I-ARG0     0.2420    0.2088    0.2242       364
  B-ARGM-GOL     0.1111    0.0909    0.1000        11
  I-ARGM-DIR     0.0000    0.0000    0.0000        31
  I-ARGM-GOL     0.2000    0.1818    0.1905        22
  B-ARGM-PRR     0.0000    0.0000    0.0000        36
  I-ARGM-PRR     0.0000    0.0000    0.0000        96
  B-ARGM-ADJ     0.4675    0.3025    0.3673       119
    B-R-ARG1     0.5000    0.2273    0.3125        22
    B-R-ARG0     0.0000    0.0000    0.0000        18
  B-ARGM-NEG     0.4091    0.5070    0.4528        71
  B-ARGM-DIS     0.2828    0.4828    0.3567        58
    B-C-ARG1     0.0714    0.0769    0.0741        13
    I-C-ARG1     0.0000    0.0000    0.0000         6
  B-ARGM-PRP     0.2000    0.1667    0.1818        18
  I-ARGM-PRP     0.1935    0.1622    0.1765        37
  B-ARGM-MNR     0.1538    0.0923    0.1154        65
  I-ARGM-MNR     0.0794    0.0694    0.0741        72
  B-ARGM-CAU     0.0769    0.1429    0.1000         7
  B-ARGM-EXT     0.4688    0.3750    0.4167        40
  I-ARGM-EXT     0.6000    0.2308    0.3333        13
B-R-ARGM-MNR     1.0000    0.0000    0.0000         5
I-R-ARGM-MNR     1.0000    0.0000    0.0000         5
  I-ARGM-PRD     0.0000    0.0000    0.0000        15
  B-ARGM-LVB     1.0000    0.0000    0.0000         1
  I-ARGM-LVB     1.0000    0.0000    0.0000         2
       B-C-V     0.2000    0.1250    0.1538         8
B-R-ARGM-LOC     1.0000    0.0000    0.0000         4
  B-ARGM-PRD     0.0000    0.0000    0.0000        15
  I-ARGM-CAU     0.0000    0.0000    0.0000        19
    I-R-ARG0     1.0000    0.0000    0.0000         2
  B-ARGM-COM     0.0000    0.0000    0.0000         3
  I-ARGM-COM     0.0000    0.0000    0.0000         7
  I-ARGM-ADJ     0.2857    0.0811    0.1263        74
B-R-ARGM-CAU     0.0000    1.0000    0.0000         0
      B-ARG5     1.0000    0.0000    0.0000         1
B-R-ARGM-DIR     1.0000    0.0000    0.0000         1
I-R-ARGM-DIR     1.0000    0.0000    0.0000         1
    I-C-ARG2     0.0000    0.0000    0.0000         3
    B-C-ARG2     0.5000    0.1667    0.2500         6
    B-R-ARG2     0.0000    1.0000    0.0000         0
  B-ARGM-CXN     1.0000    0.0000    0.0000         4
  I-ARGM-CXN     1.0000    0.0000    0.0000        10
       I-C-V     1.0000    0.0000    0.0000        10
      B-ARGA     1.0000    0.0000    0.0000         2
B-R-ARGM-TMP     1.0000    0.0000    0.0000         1
    B-C-ARG3     1.0000    0.0000    0.0000         1
I-C-ARGM-CXN     0.0000    1.0000    0.0000         0
    B-C-ARG0     1.0000    0.0000    0.0000         1

    accuracy                         0.4797     22775
   macro avg     0.4016    0.1890    0.1401     22775
weighted avg     0.5823    0.4797    0.4931     22775

END=====
