RNN_hidden_size = 256, embedding_size = 200, rnn_layers = 2, alpha = 0.1
Pfad: resources/tagger/hidden256_embsize200_layers2_alpha0.1_run2
tensor(2.8542, device='cuda:0')

Results:
- F-score (micro): 0.5005
- F-score (macro): 0.1392
- Accuracy (incl. no class): 0.5005

By class:
              precision    recall  f1-score   support

           O     0.7440    0.6178    0.6751     13934
      B-ARG1     0.3298    0.3201    0.3249       959
      B-ARG0     0.3254    0.3702    0.3463       551
         B-V     1.0000    0.0000    0.0000      1061
      B-ARG2     0.2629    0.3730    0.3084       370
      I-ARG2     0.2208    0.5330    0.3122      1332
      I-ARG1     0.2281    0.4468    0.3020      1804
  B-ARGM-LOC     0.2389    0.2812    0.2584        96
  I-ARGM-LOC     0.2280    0.2635    0.2444       167
      B-ARG4     0.2727    0.3462    0.3051        26
      I-ARG4     0.1538    0.1509    0.1524        53
  B-ARGM-TMP     0.4490    0.4251    0.4367       207
  I-ARGM-TMP     0.4351    0.3925    0.4127       265
      B-ARG3     0.2963    0.2500    0.2712        32
      I-ARG3     0.1250    0.1458    0.1346        48
  B-ARGM-ADV     0.1780    0.1448    0.1597       145
  I-ARGM-ADV     0.1373    0.0879    0.1071       239
  B-ARGM-MOD     0.4214    0.4041    0.4126       146
      I-ARG0     0.2542    0.2088    0.2293       364
  B-ARGM-GOL     0.1429    0.0909    0.1111        11
  I-ARGM-GOL     0.1739    0.1818    0.1778        22
  B-ARGM-PRR     0.0000    0.0000    0.0000        36
  I-ARGM-PRR     0.0000    0.0000    0.0000        96
  B-ARGM-ADJ     0.4000    0.2857    0.3333       119
  I-ARGM-MNR     0.1061    0.0972    0.1014        72
    B-R-ARG1     0.3750    0.2727    0.3158        22
  I-ARGM-PRD     0.0000    0.0000    0.0000        15
    B-R-ARG0     0.1111    0.0556    0.0741        18
  B-ARGM-NEG     0.4000    0.5070    0.4472        71
  B-ARGM-DIS     0.2857    0.4828    0.3590        58
    B-C-ARG1     0.1818    0.1538    0.1667        13
    I-C-ARG1     0.0000    0.0000    0.0000         6
  B-ARGM-PRP     0.0667    0.0556    0.0606        18
  I-ARGM-PRP     0.0323    0.0270    0.0294        37
  B-ARGM-COM     0.0000    0.0000    0.0000         3
  I-ARGM-COM     0.0000    0.0000    0.0000         7
  B-ARGM-MNR     0.1591    0.1077    0.1284        65
  I-ARGM-DIR     0.0476    0.0323    0.0385        31
  B-ARGM-PRD     0.0000    0.0000    0.0000        15
  B-ARGM-EXT     0.4074    0.2750    0.3284        40
  I-ARGM-EXT     0.3077    0.3077    0.3077        13
B-R-ARGM-MNR     1.0000    0.0000    0.0000         5
I-R-ARGM-MNR     1.0000    0.0000    0.0000         5
  B-ARGM-DIR     0.0556    0.0625    0.0588        16
  B-ARGM-LVB     1.0000    0.0000    0.0000         1
  I-ARGM-LVB     0.0000    0.0000    0.0000         2
B-R-ARGM-LOC     0.0000    0.0000    0.0000         4
    I-R-ARG0     1.0000    0.0000    0.0000         2
  I-ARGM-ADJ     0.0800    0.0270    0.0404        74
  B-ARGM-CAU     0.2000    0.2857    0.2353         7
       B-C-V     0.2500    0.1250    0.1667         8
  I-ARGM-DIS     0.1667    0.2500    0.2000         4
      B-ARG5     1.0000    0.0000    0.0000         1
  I-ARGM-CAU     0.0000    0.0000    0.0000        19
B-R-ARGM-DIR     1.0000    0.0000    0.0000         1
I-R-ARGM-DIR     1.0000    0.0000    0.0000         1
    B-C-ARG2     0.5000    0.1667    0.2500         6
  B-ARGM-CXN     1.0000    0.0000    0.0000         4
  I-ARGM-CXN     1.0000    0.0000    0.0000        10
       I-C-V     1.0000    0.0000    0.0000        10
      B-ARGA     1.0000    0.0000    0.0000         2
  B-ARGM-REC     0.0000    1.0000    0.0000         0
    B-C-ARG3     0.0000    0.0000    0.0000         1
B-C-ARGM-CXN     0.0000    1.0000    0.0000         0
B-R-ARGM-TMP     1.0000    0.0000    0.0000         1
    I-C-ARG2     1.0000    0.0000    0.0000         3
    B-C-ARG0     1.0000    0.0000    0.0000         1

    accuracy                         0.5005     22775
   macro avg     0.3694    0.1733    0.1392     22775
weighted avg     0.5906    0.5005    0.5105     22775

END=====
