RNN_hidden_size = 256, embedding_size = 200, rnn_layers = 1, alpha = 0.2
Pfad: resources/tagger/hidden256_embsize200_layers1_alpha0.2_run2
tensor(2.1482, device='cuda:0')

Results:
- F-score (micro): 0.5265
- F-score (macro): 0.1604
- Accuracy (incl. no class): 0.5265

By class:
              precision    recall  f1-score   support

           O     0.7382    0.6724    0.7038     13934
      B-ARG1     0.3211    0.3201    0.3206       959
      B-ARG0     0.3395    0.3975    0.3662       551
         B-V     1.0000    0.0000    0.0000      1061
      B-ARG2     0.2429    0.3216    0.2767       370
      I-ARG2     0.2352    0.4835    0.3165      1332
  B-ARGM-DIS     0.3846    0.5172    0.4412        58
      I-ARG1     0.2505    0.4063    0.3099      1804
  I-ARGM-ADV     0.1168    0.0669    0.0851       239
  I-ARGM-CAU     0.0000    0.0000    0.0000        19
  B-ARGM-ADV     0.1858    0.1448    0.1628       145
      B-ARG4     0.3600    0.3462    0.3529        26
  B-ARGM-DIR     0.0667    0.0625    0.0645        16
      I-ARG4     0.2703    0.1887    0.2222        53
  I-ARGM-DIR     0.0000    0.0000    0.0000        31
  I-ARGM-COM     0.1667    0.4286    0.2400         7
  B-ARGM-TMP     0.3762    0.3671    0.3716       207
  I-ARGM-TMP     0.3876    0.3774    0.3824       265
  B-ARGM-LOC     0.2500    0.2812    0.2647        96
  I-ARGM-LOC     0.1516    0.2216    0.1800       167
      I-ARG0     0.2560    0.2060    0.2283       364
  B-ARGM-PRP     0.1053    0.1111    0.1081        18
  I-ARGM-PRP     0.1667    0.1622    0.1644        37
      B-ARG3     0.3214    0.2812    0.3000        32
      I-ARG3     0.1379    0.1667    0.1509        48
  B-ARGM-MOD     0.4247    0.4247    0.4247       146
  B-ARGM-GOL     0.1000    0.0909    0.0952        11
  B-ARGM-PRR     1.0000    0.0000    0.0000        36
  I-ARGM-PRR     0.0000    0.0000    0.0000        96
    B-R-ARG1     0.1765    0.1364    0.1538        22
  B-ARGM-PRD     0.0000    0.0000    0.0000        15
    B-C-ARG1     0.1111    0.0769    0.0909        13
  I-ARGM-PRD     0.0000    0.0000    0.0000        15
  B-ARGM-MNR     0.1628    0.1077    0.1296        65
    B-R-ARG0     0.3000    0.1667    0.2143        18
  B-ARGM-NEG     0.4533    0.4789    0.4658        71
    I-C-ARG1     0.0000    0.0000    0.0000         6
  I-ARGM-GOL     0.1176    0.0909    0.1026        22
  I-ARGM-MNR     0.0889    0.0556    0.0684        72
  B-ARGM-ADJ     0.3797    0.2521    0.3030       119
  B-ARGM-EXT     0.5500    0.2750    0.3667        40
  I-ARGM-EXT     0.2857    0.1538    0.2000        13
  I-ARGM-ADJ     0.0811    0.0405    0.0541        74
    I-R-ARG2     0.0000    1.0000    0.0000         0
B-R-ARGM-MNR     1.0000    0.0000    0.0000         5
I-R-ARGM-MNR     1.0000    0.0000    0.0000         5
  B-ARGM-LVB     1.0000    0.0000    0.0000         1
  I-ARGM-LVB     0.0000    0.0000    0.0000         2
B-R-ARGM-LOC     0.0000    0.0000    0.0000         4
    I-R-ARG0     1.0000    0.0000    0.0000         2
  B-ARGM-CAU     0.2500    0.4286    0.3158         7
       B-C-V     0.2500    0.1250    0.1667         8
  B-ARGM-COM     0.1667    0.3333    0.2222         3
  I-ARGM-DIS     0.0000    0.0000    0.0000         4
      B-ARG5     1.0000    0.0000    0.0000         1
    B-C-ARG2     0.2500    0.1667    0.2000         6
B-R-ARGM-DIR     1.0000    0.0000    0.0000         1
I-R-ARGM-DIR     1.0000    0.0000    0.0000         1
  B-ARGM-CXN     1.0000    0.0000    0.0000         4
  I-ARGM-CXN     1.0000    0.0000    0.0000        10
       I-C-V     1.0000    0.0000    0.0000        10
      B-ARGA     1.0000    0.0000    0.0000         2
    I-C-ARG2     0.0000    0.0000    0.0000         3
B-R-ARGM-TMP     1.0000    1.0000    1.0000         1
    B-C-ARG3     1.0000    0.0000    0.0000         1
    B-C-ARG0     1.0000    0.0000    0.0000         1

    accuracy                         0.5265     22775
   macro avg     0.3936    0.1808    0.1604     22775
weighted avg     0.5900    0.5265    0.5277     22775

END=====
