RNN_hidden_size = 256, embedding_size = 100, rnn_layers = 2, alpha = 0.1
Pfad: resources/tagger/hidden256_embsize100_layers2_alpha0.1_run1
tensor(3.1083, device='cuda:0')

Results:
- F-score (micro): 0.4722
- F-score (macro): 0.1425
- Accuracy (incl. no class): 0.4722

By class:
              precision    recall  f1-score   support

           O     0.7366    0.5749    0.6457     13934
      B-ARG1     0.3179    0.3295    0.3236       959
         B-V     1.0000    0.0000    0.0000      1061
      B-ARG2     0.2362    0.3459    0.2807       370
  B-ARGM-GOL     0.1000    0.0909    0.0952        11
      I-ARG2     0.2065    0.5413    0.2990      1332
      I-ARG0     0.2587    0.2253    0.2408       364
      B-ARG0     0.3046    0.3721    0.3350       551
      I-ARG1     0.2086    0.4290    0.2807      1804
  I-ARGM-LOC     0.1413    0.2275    0.1743       167
  I-ARGM-MNR     0.0617    0.0694    0.0654        72
      B-ARG4     0.2609    0.2308    0.2449        26
      I-ARG4     0.1111    0.0943    0.1020        53
  B-ARGM-TMP     0.4041    0.3768    0.3900       207
  I-ARGM-TMP     0.3884    0.3283    0.3558       265
  B-ARGM-LOC     0.1920    0.2500    0.2172        96
      B-ARG3     0.2857    0.2500    0.2667        32
  I-ARGM-GOL     0.1739    0.1818    0.1778        22
  I-ARGM-PRP     0.1538    0.1622    0.1579        37
  B-ARGM-ADV     0.2143    0.1862    0.1993       145
  I-ARGM-ADV     0.1620    0.0962    0.1207       239
      I-ARG3     0.1522    0.1458    0.1489        48
  B-ARGM-MOD     0.3595    0.3767    0.3679       146
  B-ARGM-PRR     0.0000    0.0000    0.0000        36
  I-ARGM-PRR     0.0000    0.0000    0.0000        96
    B-R-ARG1     0.3333    0.0909    0.1429        22
  B-ARGM-ADJ     0.3804    0.2941    0.3318       119
  I-ARGM-PRD     0.0000    0.0000    0.0000        15
  B-ARGM-NEG     0.4205    0.5211    0.4654        71
    B-R-ARG0     0.2500    0.1111    0.1538        18
  B-ARGM-DIS     0.2889    0.4483    0.3514        58
    B-C-ARG1     0.1111    0.0769    0.0909        13
    I-C-ARG1     0.0000    0.0000    0.0000         6
  B-ARGM-PRP     0.2353    0.2222    0.2286        18
  B-ARGM-MNR     0.1569    0.1231    0.1379        65
  I-ARGM-COM     0.0000    0.0000    0.0000         7
  B-ARGM-PRD     0.0000    0.0000    0.0000        15
  B-ARGM-COM     0.0000    0.0000    0.0000         3
  I-ARGM-ADJ     0.0545    0.0405    0.0465        74
  B-ARGM-EXT     0.5185    0.3500    0.4179        40
  I-ARGM-EXT     0.5000    0.3077    0.3810        13
B-R-ARGM-MNR     1.0000    0.0000    0.0000         5
I-R-ARGM-MNR     1.0000    0.0000    0.0000         5
  B-ARGM-LVB     1.0000    0.0000    0.0000         1
  I-ARGM-LVB     0.0000    0.0000    0.0000         2
  B-ARGM-DIR     0.1667    0.1875    0.1765        16
  I-ARGM-DIR     0.0000    0.0000    0.0000        31
B-R-ARGM-LOC     1.0000    0.0000    0.0000         4
    I-R-ARG0     0.0000    0.0000    0.0000         2
  I-ARGM-CAU     0.0000    0.0000    0.0000        19
  B-ARGM-CAU     0.1818    0.2857    0.2222         7
       B-C-V     0.1667    0.1250    0.1429         8
  I-ARGM-DIS     0.0833    0.2500    0.1250         4
    B-R-ARG2     0.0000    1.0000    0.0000         0
      B-ARG5     1.0000    0.0000    0.0000         1
B-R-ARGM-DIR     1.0000    0.0000    0.0000         1
I-R-ARGM-DIR     1.0000    0.0000    0.0000         1
    B-C-ARG2     1.0000    0.3333    0.5000         6
  B-ARGM-CXN     1.0000    0.0000    0.0000         4
  I-ARGM-CXN     1.0000    0.0000    0.0000        10
       I-C-V     1.0000    0.0000    0.0000        10
      B-ARGA     1.0000    0.0000    0.0000         2
B-R-ARGM-TMP     1.0000    0.0000    0.0000         1
    I-C-ARG2     0.0000    0.0000    0.0000         3
    B-C-ARG3     1.0000    0.0000    0.0000         1
    B-C-ARG0     1.0000    0.0000    0.0000         1

    accuracy                         0.4722     22775
   macro avg     0.3830    0.1614    0.1425     22775
weighted avg     0.5811    0.4722    0.4881     22775

END=====
