RNN_hidden_size = 512, embedding_size = 200, rnn_layers = 2, alpha = 0.1
Pfad: resources/tagger/hidden512_embsize200_layers2_alpha0.1_run1
tensor(2.9214, device='cuda:0')

Results:
- F-score (micro): 0.5081
- F-score (macro): 0.1384
- Accuracy (incl. no class): 0.5081

By class:
              precision    recall  f1-score   support

           O     0.7374    0.6316    0.6804     13934
      B-ARG0     0.3236    0.3829    0.3508       551
      B-ARG1     0.3299    0.3326    0.3313       959
         B-V     1.0000    0.0000    0.0000      1061
      B-ARG2     0.2645    0.3568    0.3038       370
      I-ARG2     0.2295    0.5420    0.3225      1332
      I-ARG1     0.2369    0.4368    0.3072      1804
  B-ARGM-LOC     0.2079    0.2188    0.2132        96
  I-ARGM-LOC     0.2241    0.2335    0.2287       167
      B-ARG4     0.2381    0.1923    0.2128        26
      I-ARG4     0.1042    0.0943    0.0990        53
  B-ARGM-TMP     0.4192    0.4010    0.4099       207
  I-ARGM-TMP     0.4196    0.3547    0.3845       265
  B-ARGM-ADJ     0.3723    0.2941    0.3286       119
      B-ARG3     0.1875    0.1875    0.1875        32
      I-ARG3     0.1860    0.1667    0.1758        48
  B-ARGM-ADV     0.2526    0.1655    0.2000       145
  I-ARGM-ADV     0.2018    0.0962    0.1303       239
  B-ARGM-MOD     0.3974    0.4110    0.4040       146
      I-ARG0     0.2492    0.2088    0.2272       364
  B-ARGM-PRR     1.0000    0.0000    0.0000        36
  I-ARGM-PRR     0.0000    0.0000    0.0000        96
    B-R-ARG1     0.4286    0.1364    0.2069        22
  B-ARGM-LVB     0.0000    0.0000    0.0000         1
    B-R-ARG0     0.1429    0.0556    0.0800        18
  B-ARGM-NEG     0.3889    0.4930    0.4348        71
    B-C-ARG1     0.0833    0.0769    0.0800        13
    I-C-ARG1     0.0000    0.0000    0.0000         6
  B-ARGM-PRP     0.2143    0.1667    0.1875        18
  B-ARGM-CAU     0.1538    0.2857    0.2000         7
  I-ARGM-PRP     0.1290    0.1081    0.1176        37
  B-ARGM-GOL     0.0000    0.0000    0.0000        11
  I-ARGM-GOL     0.0000    0.0000    0.0000        22
  B-ARGM-DIS     0.3659    0.5172    0.4286        58
  B-ARGM-MNR     0.2069    0.0923    0.1277        65
  I-ARGM-MNR     0.1429    0.0694    0.0935        72
  I-ARGM-PRD     0.0000    0.0000    0.0000        15
  B-ARGM-PRD     0.0000    0.0000    0.0000        15
  I-ARGM-CAU     0.0000    0.0000    0.0000        19
  B-ARGM-EXT     0.4444    0.3000    0.3582        40
  I-ARGM-EXT     0.2941    0.3846    0.3333        13
  I-ARGM-ADJ     0.0645    0.0270    0.0381        74
B-R-ARGM-MNR     1.0000    0.0000    0.0000         5
I-R-ARGM-MNR     1.0000    0.0000    0.0000         5
  I-ARGM-LVB     0.0000    0.0000    0.0000         2
  B-ARGM-DIR     0.0435    0.0625    0.0513        16
B-R-ARGM-LOC     0.0000    0.0000    0.0000         4
  I-ARGM-DIR     0.1786    0.1613    0.1695        31
    I-R-ARG0     1.0000    0.0000    0.0000         2
  B-ARGM-COM     0.0000    0.0000    0.0000         3
       B-C-V     0.1667    0.1250    0.1429         8
  I-ARGM-COM     0.0000    0.0000    0.0000         7
  I-ARGM-DIS     0.1875    0.7500    0.3000         4
    B-R-ARG2     0.0000    1.0000    0.0000         0
      B-ARG5     1.0000    0.0000    0.0000         1
B-R-ARGM-DIR     1.0000    0.0000    0.0000         1
I-R-ARGM-DIR     1.0000    0.0000    0.0000         1
    B-C-ARG2     1.0000    0.1667    0.2857         6
  B-ARGM-CXN     1.0000    0.0000    0.0000         4
  I-ARGM-CXN     1.0000    0.0000    0.0000        10
       I-C-V     1.0000    0.0000    0.0000        10
      B-ARGA     1.0000    0.0000    0.0000         2
B-R-ARGM-TMP     1.0000    0.0000    0.0000         1
    I-C-ARG2     0.0000    0.0000    0.0000         3
    B-C-ARG3     1.0000    0.0000    0.0000         1
    B-C-ARG0     1.0000    0.0000    0.0000         1

    accuracy                         0.5081     22775
   macro avg     0.3821    0.1619    0.1384     22775
weighted avg     0.5900    0.5081    0.5145     22775

END=====
