RNN_hidden_size = 512, embedding_size = 200, rnn_layers = 2, alpha = 0.1
Pfad: resources/tagger/hidden512_embsize200_layers2_alpha0.1_run2
tensor(3.0853, device='cuda:0')

Results:
- F-score (micro): 0.4955
- F-score (macro): 0.1325
- Accuracy (incl. no class): 0.4955

By class:
              precision    recall  f1-score   support

           O     0.7366    0.6166    0.6713     13934
      B-ARG1     0.3180    0.3243    0.3211       959
      B-ARG0     0.3133    0.3684    0.3386       551
         B-V     1.0000    0.0000    0.0000      1061
      B-ARG2     0.2524    0.3514    0.2938       370
      I-ARG2     0.2153    0.5218    0.3048      1332
      I-ARG1     0.2260    0.4285    0.2959      1804
  I-ARGM-DIR     0.0000    0.0000    0.0000        31
      B-ARG4     0.2000    0.2692    0.2295        26
      I-ARG4     0.0833    0.0943    0.0885        53
  B-ARGM-TMP     0.4157    0.3575    0.3844       207
  I-ARGM-TMP     0.3793    0.2906    0.3291       265
  B-ARGM-LOC     0.2393    0.2917    0.2629        96
  I-ARGM-LOC     0.2120    0.2754    0.2396       167
  B-ARGM-GOL     0.1250    0.0909    0.1053        11
  I-ARGM-GOL     0.0000    0.0000    0.0000        22
  I-ARGM-PRP     0.0606    0.0541    0.0571        37
  B-ARGM-ADV     0.2381    0.1724    0.2000       145
  I-ARGM-ADV     0.2097    0.1088    0.1433       239
      B-ARG3     0.2222    0.2500    0.2353        32
      I-ARG3     0.1321    0.1458    0.1386        48
  B-ARGM-MOD     0.4067    0.4178    0.4122       146
      I-ARG0     0.2260    0.2005    0.2125       364
  I-ARGM-CAU     0.0000    0.0000    0.0000        19
  B-ARGM-PRR     0.3333    0.0278    0.0513        36
  I-ARGM-PRR     0.5000    0.0104    0.0204        96
  B-ARGM-ADJ     0.3294    0.2353    0.2745       119
    B-R-ARG1     0.5000    0.3636    0.4211        22
  B-ARGM-MNR     0.1364    0.0923    0.1101        65
  B-ARGM-NEG     0.4302    0.5211    0.4713        71
    B-R-ARG0     0.1667    0.0556    0.0833        18
  B-ARGM-DIS     0.3333    0.4828    0.3944        58
    B-C-ARG1     0.0714    0.0769    0.0741        13
    I-C-ARG1     0.0000    0.0000    0.0000         6
  B-ARGM-PRP     0.1579    0.1667    0.1622        18
  I-ARGM-MNR     0.0806    0.0694    0.0746        72
  B-ARGM-PRD     0.0000    0.0000    0.0000        15
  I-ARGM-ADJ     0.0345    0.0135    0.0194        74
  B-ARGM-COM     0.0000    0.0000    0.0000         3
  B-ARGM-EXT     0.4800    0.3000    0.3692        40
  I-ARGM-EXT     0.3077    0.3077    0.3077        13
  I-ARGM-COM     0.0000    0.0000    0.0000         7
B-R-ARGM-MNR     1.0000    0.0000    0.0000         5
I-R-ARGM-MNR     1.0000    0.0000    0.0000         5
  B-ARGM-LVB     1.0000    0.0000    0.0000         1
  I-ARGM-LVB     1.0000    0.0000    0.0000         2
  B-ARGM-DIR     0.0714    0.0625    0.0667        16
B-R-ARGM-LOC     1.0000    0.0000    0.0000         4
  I-ARGM-PRD     0.0000    0.0000    0.0000        15
  I-ARGM-DIS     0.0000    0.0000    0.0000         4
    I-R-ARG0     1.0000    0.0000    0.0000         2
  B-ARGM-CAU     0.0909    0.1429    0.1111         7
       B-C-V     0.3333    0.1250    0.1818         8
  B-ARGM-CXN     0.0000    0.0000    0.0000         4
      B-ARG5     1.0000    0.0000    0.0000         1
B-R-ARGM-DIR     1.0000    0.0000    0.0000         1
I-R-ARGM-DIR     1.0000    0.0000    0.0000         1
    I-C-ARG2     0.0000    0.0000    0.0000         3
    B-C-ARG2     1.0000    0.1667    0.2857         6
  I-ARGM-CXN     1.0000    0.0000    0.0000        10
       I-C-V     1.0000    0.0000    0.0000        10
      B-ARGA     1.0000    0.0000    0.0000         2
B-R-ARGM-TMP     1.0000    0.0000    0.0000         1
    B-C-ARG3     1.0000    0.0000    0.0000         1
    B-R-ARG2     0.0000    1.0000    0.0000         0
    B-C-ARG0     1.0000    0.0000    0.0000         1

    accuracy                         0.4955     22775
   macro avg     0.4026    0.1492    0.1325     22775
weighted avg     0.5863    0.4955    0.5051     22775

END=====
