RNN_hidden_size = 256, embedding_size = 200, rnn_layers = 3, alpha = 0.1
Pfad: resources/tagger/hidden256_embsize200_layers3_alpha0.1_run1
tensor(3.2471, device='cuda:0')

Results:
- F-score (micro): 0.4894
- F-score (macro): 0.1319
- Accuracy (incl. no class): 0.4894

By class:
              precision    recall  f1-score   support

           O     0.7272    0.6104    0.6637     13934
      B-ARG1     0.3096    0.3316    0.3202       959
      B-ARG0     0.2984    0.3666    0.3290       551
         B-V     1.0000    0.0000    0.0000      1061
      B-ARG2     0.2439    0.3514    0.2879       370
      I-ARG2     0.2155    0.4895    0.2993      1332
      I-ARG0     0.2034    0.1978    0.2006       364
      I-ARG1     0.2180    0.3991    0.2820      1804
      B-ARG4     0.2188    0.2692    0.2414        26
      I-ARG4     0.1042    0.0943    0.0990        53
  B-ARGM-TMP     0.4346    0.4010    0.4171       207
  I-ARGM-TMP     0.4015    0.4151    0.4082       265
  B-ARGM-LOC     0.2371    0.2396    0.2383        96
  I-ARGM-LOC     0.2049    0.2515    0.2258       167
  B-ARGM-CAU     0.0000    0.0000    0.0000         7
  I-ARGM-CAU     0.0000    0.0000    0.0000        19
      I-ARG3     0.1196    0.2292    0.1571        48
  B-ARGM-ADV     0.2432    0.1862    0.2109       145
  I-ARGM-ADV     0.1284    0.0795    0.0982       239
      B-ARG3     0.2045    0.2812    0.2368        32
  B-ARGM-MOD     0.3867    0.3973    0.3919       146
    B-C-ARG1     0.0588    0.0769    0.0667        13
  I-ARGM-GOL     0.0000    0.0000    0.0000        22
  B-ARGM-PRR     0.0000    0.0000    0.0000        36
  I-ARGM-PRR     0.0000    0.0000    0.0000        96
  B-ARGM-ADJ     0.4400    0.2773    0.3402       119
    B-R-ARG1     0.3750    0.1364    0.2000        22
  B-ARGM-EXT     0.4800    0.3000    0.3692        40
  B-ARGM-NEG     0.3953    0.4789    0.4331        71
    B-R-ARG0     0.0000    0.0000    0.0000        18
  I-ARGM-MNR     0.0847    0.0694    0.0763        72
  B-ARGM-DIS     0.2981    0.5345    0.3827        58
    I-C-ARG1     0.0000    0.0000    0.0000         6
  B-ARGM-PRP     0.0952    0.1111    0.1026        18
  I-ARGM-PRP     0.2105    0.2162    0.2133        37
  B-ARGM-GOL     0.0000    0.0000    0.0000        11
  B-ARGM-COM     0.0000    0.0000    0.0000         3
  I-ARGM-COM     0.0000    0.0000    0.0000         7
  B-ARGM-MNR     0.1628    0.1077    0.1296        65
  I-ARGM-ADJ     0.2222    0.0541    0.0870        74
  I-ARGM-EXT     0.3333    0.3846    0.3571        13
B-R-ARGM-MNR     1.0000    0.0000    0.0000         5
I-R-ARGM-MNR     1.0000    0.0000    0.0000         5
  I-ARGM-DIR     0.0588    0.0323    0.0417        31
  B-ARGM-LVB     1.0000    0.0000    0.0000         1
  I-ARGM-LVB     0.0000    0.0000    0.0000         2
  B-ARGM-DIR     0.1364    0.1875    0.1579        16
B-R-ARGM-LOC     1.0000    0.0000    0.0000         4
  B-ARGM-PRD     0.0000    0.0000    0.0000        15
  I-ARGM-PRD     0.0000    0.0000    0.0000        15
    I-R-ARG0     1.0000    0.0000    0.0000         2
  I-ARGM-DIS     0.0909    0.2500    0.1333         4
       B-C-V     0.2000    0.2500    0.2222         8
      B-ARG5     1.0000    0.0000    0.0000         1
B-R-ARGM-DIR     1.0000    0.0000    0.0000         1
I-R-ARGM-DIR     1.0000    0.0000    0.0000         1
    I-C-ARG2     0.0000    0.0000    0.0000         3
    B-C-ARG2     1.0000    0.1667    0.2857         6
  B-ARGM-REC     0.0000    1.0000    0.0000         0
  B-ARGM-CXN     1.0000    0.0000    0.0000         4
  I-ARGM-CXN     1.0000    0.0000    0.0000        10
       I-C-V     1.0000    0.0000    0.0000        10
      B-ARGA     1.0000    0.0000    0.0000         2
B-R-ARGM-TMP     1.0000    0.0000    0.0000         1
    B-C-ARG3     1.0000    0.0000    0.0000         1
    B-C-ARG0     1.0000    0.0000    0.0000         1

    accuracy                         0.4894     22775
   macro avg     0.3870    0.1549    0.1319     22775
weighted avg     0.5766    0.4894    0.4994     22775

END=====
