RNN_hidden_size = 256, embedding_size = 50, rnn_layers = 2, alpha = 0.1
Pfad: resources/tagger/hidden256_embsize50_layers2_alpha0.1_run1
tensor(3.0980, device='cuda:0')

Results:
- F-score (micro): 0.4854
- F-score (macro): 0.1216
- Accuracy (incl. no class): 0.4854

By class:
              precision    recall  f1-score   support

           O     0.7359    0.6033    0.6630     13934
      B-ARG1     0.3075    0.3149    0.3112       959
      B-ARG0     0.2998    0.3466    0.3215       551
         B-V     1.0000    0.0000    0.0000      1061
      B-ARG2     0.2505    0.3459    0.2906       370
      I-ARG2     0.2233    0.5233    0.3130      1332
      I-ARG1     0.2076    0.4396    0.2821      1804
      B-ARG4     0.3500    0.2692    0.3043        26
      I-ARG4     0.1316    0.0943    0.1099        53
  B-ARGM-TMP     0.3661    0.3237    0.3436       207
  I-ARGM-TMP     0.3387    0.3170    0.3275       265
  B-ARGM-LOC     0.2667    0.3333    0.2963        96
  I-ARGM-LOC     0.2049    0.2994    0.2433       167
      I-ARG0     0.1922    0.1621    0.1759       364
  B-ARGM-PRP     0.1786    0.2778    0.2174        18
  I-ARGM-PRP     0.1321    0.1892    0.1556        37
  B-ARGM-ADV     0.2000    0.1241    0.1532       145
  I-ARGM-ADV     0.0583    0.0251    0.0351       239
      B-ARG3     0.1818    0.1875    0.1846        32
      I-ARG3     0.1273    0.1458    0.1359        48
  B-ARGM-MOD     0.4029    0.3836    0.3930       146
  B-ARGM-DIR     0.0385    0.0625    0.0476        16
  I-ARGM-GOL     0.0000    0.0000    0.0000        22
  B-ARGM-PRR     0.0000    0.0000    0.0000        36
  I-ARGM-PRR     0.0000    0.0000    0.0000        96
  B-ARGM-ADJ     0.4048    0.2857    0.3350       119
    B-R-ARG1     0.7143    0.2273    0.3448        22
  B-ARGM-MNR     0.1795    0.1077    0.1346        65
  I-ARGM-MNR     0.0238    0.0139    0.0175        72
  I-ARGM-CAU     0.0000    0.0000    0.0000        19
  I-ARGM-DIR     0.0000    0.0000    0.0000        31
    B-R-ARG0     0.2500    0.1111    0.1538        18
  B-ARGM-NEG     0.4353    0.5211    0.4744        71
  B-ARGM-DIS     0.2637    0.4138    0.3221        58
    B-R-ARG2     0.0000    1.0000    0.0000         0
    B-C-ARG1     0.0000    0.0000    0.0000        13
    I-C-ARG1     0.0000    0.0000    0.0000         6
  B-ARGM-GOL     0.0000    0.0000    0.0000        11
  B-ARGM-EXT     0.4231    0.2750    0.3333        40
  I-ARGM-EXT     0.4286    0.2308    0.3000        13
  B-ARGM-COM     0.0000    0.0000    0.0000         3
  I-ARGM-COM     0.0000    0.0000    0.0000         7
B-R-ARGM-MNR     1.0000    0.0000    0.0000         5
  B-ARGM-CAU     0.0667    0.1429    0.0909         7
I-R-ARGM-MNR     1.0000    0.0000    0.0000         5
  B-ARGM-PRD     0.0000    0.0000    0.0000        15
  I-ARGM-PRD     0.0000    0.0000    0.0000        15
  I-ARGM-LVB     0.0000    0.0000    0.0000         2
  B-ARGM-LVB     0.0000    0.0000    0.0000         1
B-R-ARGM-LOC     1.0000    0.0000    0.0000         4
  I-ARGM-DIS     0.0000    0.0000    0.0000         4
    I-R-ARG0     1.0000    0.0000    0.0000         2
  I-ARGM-ADJ     0.1538    0.0270    0.0460        74
       B-C-V     0.2500    0.1250    0.1667         8
      B-ARG5     1.0000    0.0000    0.0000         1
B-R-ARGM-DIR     1.0000    0.0000    0.0000         1
I-R-ARGM-DIR     1.0000    0.0000    0.0000         1
    B-C-ARG2     1.0000    0.0000    0.0000         6
  B-ARGM-CXN     1.0000    0.0000    0.0000         4
  I-ARGM-CXN     1.0000    0.0000    0.0000        10
       I-C-V     1.0000    0.0000    0.0000        10
      B-ARGA     1.0000    0.0000    0.0000         2
B-R-ARGM-TMP     1.0000    0.0000    0.0000         1
    I-C-ARG2     1.0000    0.0000    0.0000         3
    B-C-ARG3     1.0000    0.0000    0.0000         1
    B-C-ARG0     1.0000    0.0000    0.0000         1

    accuracy                         0.4854     22775
   macro avg     0.3907    0.1401    0.1216     22775
weighted avg     0.5793    0.4854    0.4961     22775

END=====
