RNN_hidden_size = 128, embedding_size = 200, rnn_layers = 2, alpha = 0.1
Pfad: resources/tagger/hidden128_embsize200_layers2_alpha0.1_run2
tensor(3.0729, device='cuda:0')

Results:
- F-score (micro): 0.4995
- F-score (macro): 0.1359
- Accuracy (incl. no class): 0.4995

By class:
              precision    recall  f1-score   support

           O     0.7381    0.6224    0.6753     13934
      B-ARG1     0.3256    0.3358    0.3306       959
         B-V     1.0000    0.0000    0.0000      1061
      I-ARG1     0.2199    0.4207    0.2888      1804
      B-ARG2     0.2519    0.3541    0.2944       370
      I-ARG2     0.2234    0.5285    0.3141      1332
      B-ARG0     0.3112    0.3739    0.3397       551
  I-ARGM-LOC     0.1805    0.2216    0.1989       167
      B-ARG4     0.3200    0.3077    0.3137        26
      I-ARG4     0.2500    0.1698    0.2022        53
  B-ARGM-TMP     0.4010    0.3816    0.3911       207
  I-ARGM-TMP     0.3864    0.3208    0.3505       265
  B-ARGM-LOC     0.2613    0.3021    0.2802        96
  B-ARGM-PRP     0.2000    0.1667    0.1818        18
  I-ARGM-PRP     0.1429    0.1081    0.1231        37
  B-ARGM-ADV     0.2000    0.1586    0.1769       145
  I-ARGM-ADV     0.1739    0.0837    0.1130       239
      B-ARG3     0.3462    0.2812    0.3103        32
      I-ARG3     0.1212    0.1667    0.1404        48
  B-ARGM-MOD     0.3933    0.4041    0.3986       146
      I-ARG0     0.2288    0.2005    0.2138       364
  B-ARGM-PRR     0.0000    0.0000    0.0000        36
  I-ARGM-PRR     0.0000    0.0000    0.0000        96
    B-R-ARG1     0.2500    0.0909    0.1333        22
    B-R-ARG0     0.2500    0.1111    0.1538        18
  B-ARGM-NEG     0.4250    0.4789    0.4503        71
  B-ARGM-DIS     0.3412    0.5000    0.4056        58
    B-C-ARG1     0.1667    0.0769    0.1053        13
    I-C-ARG1     0.0000    0.0000    0.0000         6
  B-ARGM-GOL     0.1000    0.0909    0.0952        11
  I-ARGM-GOL     0.0556    0.0455    0.0500        22
  B-ARGM-MNR     0.1765    0.0923    0.1212        65
  I-ARGM-MNR     0.0976    0.0556    0.0708        72
  B-ARGM-PRD     0.0000    0.0000    0.0000        15
  B-ARGM-ADJ     0.4507    0.2689    0.3368       119
  B-ARGM-EXT     0.3333    0.2750    0.3014        40
  I-ARGM-EXT     0.3000    0.2308    0.2609        13
B-R-ARGM-MNR     1.0000    0.0000    0.0000         5
I-R-ARGM-MNR     1.0000    0.0000    0.0000         5
  B-ARGM-LVB     0.0000    0.0000    0.0000         1
  I-ARGM-LVB     0.0000    0.0000    0.0000         2
  I-ARGM-COM     0.0000    0.0000    0.0000         7
B-R-ARGM-LOC     0.0000    0.0000    0.0000         4
  I-ARGM-ADJ     0.1429    0.0405    0.0632        74
  I-ARGM-PRD     0.0000    0.0000    0.0000        15
  B-ARGM-DIR     0.0455    0.0625    0.0526        16
  I-ARGM-DIR     0.0714    0.0645    0.0678        31
    I-R-ARG0     1.0000    0.0000    0.0000         2
    B-R-ARG2     0.0000    1.0000    0.0000         0
  B-ARGM-CAU     0.1111    0.1429    0.1250         7
  B-ARGM-COM     0.0000    0.0000    0.0000         3
       B-C-V     0.2500    0.1250    0.1667         8
  I-ARGM-DIS     0.0833    0.2500    0.1250         4
      B-ARG5     1.0000    0.0000    0.0000         1
  I-ARGM-CAU     0.0000    0.0000    0.0000        19
B-R-ARGM-DIR     1.0000    0.0000    0.0000         1
I-R-ARGM-DIR     1.0000    0.0000    0.0000         1
    B-C-ARG2     0.5000    0.1667    0.2500         6
  B-ARGM-CXN     1.0000    0.0000    0.0000         4
  I-ARGM-CXN     0.0000    0.0000    0.0000        10
       I-C-V     1.0000    0.0000    0.0000        10
      B-ARGA     1.0000    0.0000    0.0000         2
B-R-ARGM-TMP     1.0000    0.0000    0.0000         1
    I-C-ARG2     1.0000    0.0000    0.0000         3
    B-C-ARG3     1.0000    0.0000    0.0000         1
    B-C-ARG0     1.0000    0.0000    0.0000         1

    accuracy                         0.4995     22775
   macro avg     0.3610    0.1527    0.1359     22775
weighted avg     0.5851    0.4995    0.5082     22775

END=====
