RNN_hidden_size = 256, embedding_size = 200, rnn_layers = 2, alpha = 0.1
Pfad: resources/tagger/hidden256_embsize200_layers2_alpha0.1_run1
tensor(2.9663, device='cuda:0')

Results:
- F-score (micro): 0.4981
- F-score (macro): 0.1321
- Accuracy (incl. no class): 0.4981

By class:
              precision    recall  f1-score   support

           O     0.7298    0.6180    0.6693     13934
      B-ARG1     0.3264    0.3285    0.3274       959
      B-ARG0     0.3038    0.3666    0.3322       551
         B-V     1.0000    0.0000    0.0000      1061
      B-ARG2     0.2564    0.3541    0.2974       370
      I-ARG2     0.2412    0.5353    0.3326      1332
      I-ARG1     0.2289    0.4385    0.3008      1804
      B-ARG4     0.2059    0.2692    0.2333        26
      I-ARG4     0.0926    0.0943    0.0935        53
  B-ARGM-TMP     0.4693    0.4058    0.4352       207
  I-ARGM-TMP     0.3812    0.3208    0.3484       265
  B-ARGM-LOC     0.1897    0.2292    0.2075        96
  I-ARGM-LOC     0.1199    0.2096    0.1525       167
      I-ARG0     0.2249    0.2033    0.2136       364
  B-ARGM-CAU     0.0556    0.1429    0.0800         7
  I-ARGM-GOL     0.0000    0.0000    0.0000        22
  I-ARGM-CAU     0.0000    0.0000    0.0000        19
  B-ARGM-DIS     0.3256    0.4828    0.3889        58
  B-ARGM-ADV     0.2037    0.1517    0.1739       145
  I-ARGM-ADV     0.1463    0.0753    0.0994       239
      B-ARG3     0.2963    0.2500    0.2712        32
      I-ARG3     0.1538    0.1667    0.1600        48
  B-ARGM-MOD     0.4000    0.3973    0.3986       146
  B-ARGM-GOL     0.0000    0.0000    0.0000        11
  B-ARGM-PRR     0.0000    0.0000    0.0000        36
  I-ARGM-PRR     0.0769    0.0104    0.0183        96
    B-R-ARG1     0.3500    0.3182    0.3333        22
  B-ARGM-ADJ     0.4321    0.2941    0.3500       119
  I-ARGM-EXT     0.5000    0.3077    0.3810        13
    B-R-ARG0     0.2500    0.1111    0.1538        18
  B-ARGM-NEG     0.4250    0.4789    0.4503        71
    B-C-ARG1     0.1429    0.0769    0.1000        13
    I-C-ARG1     0.0000    0.0000    0.0000         6
  B-ARGM-PRP     0.1765    0.1667    0.1714        18
  I-ARGM-PRP     0.0968    0.0811    0.0882        37
  B-ARGM-EXT     0.4783    0.2750    0.3492        40
  B-ARGM-MNR     0.2432    0.1385    0.1765        65
  I-ARGM-MNR     0.1154    0.1250    0.1200        72
  B-ARGM-COM     0.0000    0.0000    0.0000         3
B-R-ARGM-MNR     1.0000    0.0000    0.0000         5
I-R-ARGM-MNR     1.0000    0.0000    0.0000         5
  I-ARGM-PRD     0.0000    0.0000    0.0000        15
  I-ARGM-ADJ     0.1143    0.0541    0.0734        74
  B-ARGM-LVB     1.0000    0.0000    0.0000         1
  I-ARGM-LVB     0.0000    0.0000    0.0000         2
  B-ARGM-PRD     0.0000    0.0000    0.0000        15
B-R-ARGM-LOC     1.0000    0.0000    0.0000         4
    I-R-ARG0     1.0000    0.0000    0.0000         2
  B-ARGM-DIR     0.0455    0.0625    0.0526        16
  I-ARGM-DIR     0.0000    0.0000    0.0000        31
       B-C-V     0.1429    0.1250    0.1333         8
  I-ARGM-COM     0.0000    0.0000    0.0000         7
  I-ARGM-DIS     0.0000    0.0000    0.0000         4
      B-ARG5     1.0000    0.0000    0.0000         1
B-R-ARGM-DIR     1.0000    0.0000    0.0000         1
I-R-ARGM-DIR     1.0000    0.0000    0.0000         1
    B-C-ARG2     0.5000    0.1667    0.2500         6
  B-ARGM-CXN     1.0000    0.0000    0.0000         4
  I-ARGM-CXN     1.0000    0.0000    0.0000        10
       I-C-V     1.0000    0.0000    0.0000        10
      B-ARGA     1.0000    0.0000    0.0000         2
  B-ARGM-REC     0.0000    1.0000    0.0000         0
B-R-ARGM-TMP     1.0000    0.0000    0.0000         1
    I-C-ARG2     1.0000    0.0000    0.0000         3
    B-C-ARG3     1.0000    0.0000    0.0000         1
    B-C-ARG0     1.0000    0.0000    0.0000         1

    accuracy                         0.4981     22775
   macro avg     0.4006    0.1490    0.1321     22775
weighted avg     0.5819    0.4981    0.5059     22775

END=====
