RNN_hidden_size = 256, embedding_size = 50, rnn_layers = 2, alpha = 0.1
Pfad: resources/tagger/hidden256_embsize50_layers2_alpha0.1_run2
tensor(3.0828, device='cuda:0')

Results:
- F-score (micro): 0.4951
- F-score (macro): 0.1287
- Accuracy (incl. no class): 0.4951

By class:
              precision    recall  f1-score   support

           O     0.7293    0.6238    0.6724     13934
      B-ARG1     0.3099    0.3087    0.3093       959
      B-ARG0     0.3261    0.3793    0.3507       551
         B-V     1.0000    0.0000    0.0000      1061
      B-ARG2     0.2485    0.3297    0.2834       370
      I-ARG2     0.2031    0.5173    0.2917      1332
      I-ARG1     0.2345    0.3914    0.2933      1804
      B-ARG4     0.2308    0.2308    0.2308        26
      I-ARG4     0.1111    0.0943    0.1020        53
  B-ARGM-TMP     0.3232    0.3092    0.3160       207
  I-ARGM-TMP     0.4220    0.3472    0.3810       265
  B-ARGM-LOC     0.2718    0.2917    0.2814        96
  I-ARGM-LOC     0.1899    0.2934    0.2306       167
      I-ARG0     0.2253    0.2005    0.2122       364
      B-ARG3     0.2692    0.2188    0.2414        32
  I-ARGM-GOL     0.0417    0.0455    0.0435        22
      I-ARG3     0.1429    0.1458    0.1443        48
  B-ARGM-ADV     0.1667    0.1310    0.1467       145
  I-ARGM-ADV     0.1593    0.0753    0.1023       239
  B-ARGM-MOD     0.4148    0.3836    0.3986       146
    B-C-ARG1     0.0714    0.0769    0.0741        13
  I-ARGM-DIS     0.2500    0.2500    0.2500         4
  B-ARGM-PRR     0.0000    0.0000    0.0000        36
  I-ARGM-PRR     0.0000    0.0000    0.0000        96
  B-ARGM-ADJ     0.4079    0.2605    0.3179       119
    B-R-ARG1     0.2500    0.0909    0.1333        22
  B-ARGM-PRD     0.0000    0.0000    0.0000        15
  B-ARGM-NEG     0.3871    0.5070    0.4390        71
    B-R-ARG0     0.0000    0.0000    0.0000        18
    I-C-ARG1     0.0000    0.0000    0.0000         6
  B-ARGM-PRP     0.1667    0.1667    0.1667        18
  I-ARGM-PRP     0.0833    0.1351    0.1031        37
  B-ARGM-GOL     0.0833    0.0909    0.0870        11
  B-ARGM-MNR     0.0877    0.0769    0.0820        65
  B-ARGM-DIS     0.3288    0.4138    0.3664        58
  I-ARGM-MNR     0.0952    0.1111    0.1026        72
  I-ARGM-CAU     0.0000    0.0000    0.0000        19
  I-ARGM-ADJ     0.1200    0.0405    0.0606        74
  B-ARGM-DIR     0.0556    0.0625    0.0588        16
  B-ARGM-EXT     0.5000    0.2750    0.3548        40
  I-ARGM-EXT     0.3333    0.2308    0.2727        13
  B-ARGM-COM     0.0000    0.0000    0.0000         3
  I-ARGM-COM     0.0000    0.0000    0.0000         7
B-R-ARGM-MNR     1.0000    0.0000    0.0000         5
I-R-ARGM-MNR     1.0000    0.0000    0.0000         5
  B-ARGM-CAU     0.0000    0.0000    0.0000         7
       B-C-V     0.4000    0.2500    0.3077         8
  I-ARGM-DIR     0.0000    0.0000    0.0000        31
  B-ARGM-LVB     0.0000    0.0000    0.0000         1
  I-ARGM-LVB     0.0000    0.0000    0.0000         2
B-R-ARGM-LOC     1.0000    0.0000    0.0000         4
  I-ARGM-PRD     0.0000    0.0000    0.0000        15
    I-R-ARG0     1.0000    0.0000    0.0000         2
      B-ARG5     1.0000    0.0000    0.0000         1
B-R-ARGM-DIR     1.0000    0.0000    0.0000         1
I-R-ARGM-DIR     1.0000    0.0000    0.0000         1
    I-C-ARG2     0.0000    0.0000    0.0000         3
    B-C-ARG2     1.0000    0.1667    0.2857         6
  I-ARGM-CXN     0.0000    0.0000    0.0000        10
  B-ARGM-CXN     1.0000    0.0000    0.0000         4
       I-C-V     1.0000    0.0000    0.0000        10
      B-ARGA     1.0000    0.0000    0.0000         2
B-R-ARGM-TMP     1.0000    0.0000    0.0000         1
    B-C-ARG3     1.0000    0.0000    0.0000         1
I-C-ARGM-CXN     0.0000    1.0000    0.0000         0
    B-C-ARG0     1.0000    0.0000    0.0000         1

    accuracy                         0.4951     22775
   macro avg     0.3582    0.1443    0.1287     22775
weighted avg     0.5778    0.4951    0.5034     22775

END=====
