RNN_hidden_size = 256, embedding_size = 200, rnn_layers = 1, alpha = 0.1
Pfad: resources/tagger/hidden256_embsize200_layers1_alpha0.1_run1
tensor(2.2336, device='cuda:0')

Results:
- F-score (micro): 0.5309
- F-score (macro): 0.1462
- Accuracy (incl. no class): 0.5309

By class:
              precision    recall  f1-score   support

           O     0.7443    0.6774    0.7093     13934
      B-ARG1     0.3219    0.3233    0.3226       959
      B-ARG0     0.3513    0.3902    0.3697       551
         B-V     1.0000    0.0000    0.0000      1061
      B-ARG2     0.2632    0.3514    0.3009       370
      I-ARG2     0.2445    0.5158    0.3317      1332
      I-ARG1     0.2525    0.4030    0.3105      1804
      B-ARG4     0.3810    0.3077    0.3404        26
      I-ARG4     0.1351    0.0943    0.1111        53
  B-ARGM-TMP     0.4277    0.3575    0.3895       207
  I-ARGM-TMP     0.3468    0.2906    0.3162       265
  B-ARGM-LOC     0.2613    0.3021    0.2802        96
  I-ARGM-LOC     0.1790    0.2754    0.2170       167
      I-ARG3     0.1698    0.1875    0.1782        48
      I-ARG0     0.2929    0.2253    0.2547       364
  I-ARGM-PRP     0.1000    0.0811    0.0896        37
  B-ARGM-EXT     0.4800    0.3000    0.3692        40
  B-ARGM-ADV     0.1887    0.1379    0.1594       145
  I-ARGM-ADV     0.0813    0.0418    0.0552       239
      B-ARG3     0.2800    0.2188    0.2456        32
  B-ARGM-MOD     0.4266    0.4178    0.4221       146
  B-ARGM-PRP     0.0526    0.0556    0.0541        18
  I-ARGM-MNR     0.1282    0.1389    0.1333        72
  B-ARGM-PRR     0.0000    0.0000    0.0000        36
  I-ARGM-PRR     0.0000    0.0000    0.0000        96
  B-ARGM-ADJ     0.3636    0.2689    0.3092       119
    B-R-ARG1     0.1818    0.0909    0.1212        22
  B-ARGM-MNR     0.1385    0.1385    0.1385        65
    B-R-ARG0     0.3077    0.2222    0.2581        18
  B-ARGM-NEG     0.4512    0.5211    0.4837        71
  B-ARGM-DIS     0.3372    0.5000    0.4028        58
    B-C-ARG1     0.0000    0.0000    0.0000        13
    I-C-ARG1     0.0000    0.0000    0.0000         6
  B-ARGM-GOL     0.0000    0.0000    0.0000        11
  I-ARGM-GOL     0.0000    0.0000    0.0000        22
  I-ARGM-COM     0.0000    0.0000    0.0000         7
  I-ARGM-ADJ     0.1389    0.0676    0.0909        74
  I-ARGM-EXT     0.5000    0.3077    0.3810        13
B-R-ARGM-MNR     1.0000    0.0000    0.0000         5
I-R-ARGM-MNR     1.0000    0.0000    0.0000         5
  B-ARGM-PRD     0.0000    0.0000    0.0000        15
  B-ARGM-LVB     0.0000    0.0000    0.0000         1
  I-ARGM-LVB     0.0000    0.0000    0.0000         2
  B-ARGM-CAU     0.1333    0.2857    0.1818         7
B-R-ARGM-LOC     0.0000    0.0000    0.0000         4
  I-ARGM-PRD     0.0000    0.0000    0.0000        15
    I-R-ARG0     1.0000    0.0000    0.0000         2
  B-ARGM-COM     0.0000    0.0000    0.0000         3
  I-ARGM-DIR     0.0000    0.0000    0.0000        31
  B-ARGM-DIR     0.0417    0.0625    0.0500        16
  I-ARGM-DIS     0.3333    0.2500    0.2857         4
       B-C-V     0.2000    0.1250    0.1538         8
      B-ARG5     1.0000    0.0000    0.0000         1
  I-ARGM-CAU     0.0000    0.0000    0.0000        19
B-R-ARGM-DIR     1.0000    0.0000    0.0000         1
I-R-ARGM-DIR     1.0000    0.0000    0.0000         1
    B-C-ARG2     1.0000    0.1667    0.2857         6
  B-ARGM-CXN     1.0000    0.2500    0.4000         4
  I-ARGM-CXN     1.0000    0.0000    0.0000        10
       I-C-V     1.0000    0.0000    0.0000        10
      B-ARGA     1.0000    0.0000    0.0000         2
B-R-ARGM-TMP     1.0000    0.0000    0.0000         1
    I-C-ARG2     0.0000    0.0000    0.0000         3
    B-C-ARG3     1.0000    0.0000    0.0000         1
    B-C-ARG0     1.0000    0.0000    0.0000         1

    accuracy                         0.5309     22775
   macro avg     0.3729    0.1438    0.1462     22775
weighted avg     0.5934    0.5309    0.5321     22775

END=====
